length	diameter
44.01	17.675
33.21	19.994
54.629	16.964
41.733	18.907
47.546	16.996
52.058	15.594
41.599	17.983
53.086	16.706
42.126	17.966
42.985	18.534
35.063	18.09
46.465	17.688
43.129	17.901
44.357	17.573
46.54	17.71
56.776	15.742
39.738	19.09
42.65	18.09
41.464	18.171
48.928	16.378
40.323	17.679
58.246	16.444
44.65	18.501
41.39	18.534
53.332	17.374
43.691	17.587
48.143	16.927
51.303	16.743
44.997	17.145
45.176	17.05
49.162	17.423
38.69	17.819
44.486	18.564
40.298	18.231
55.55	16.307
48.239	17.086
48.027	15.727
42.766	18.668
47.95	16.706
35.89	17.714
44.105	17.32
54.56	15.712
48.239	16.743
31.457	17.534
43.263	22.539
55.096	16.927
39.262	18.307
45.112	18.107
45.549	16.812
39.849	17.145
31.962	16.058
41.932	17.797
44.429	18.442
50.004	15.145
38.762	17.476
41.354	19.472
38.182	18.103
43.591	17.6
45.155	16.571
47.226	16.927
72.705	14.26
50.32	16.9
42.766	17.086
43.825	17.262
48.706	17.253
42.452	16.52
44.24	16.155
48.765	17.987
43.306	16.927
39.756	18.576
46.286	16.706
43.055	17.845
39.527	18.129
48.934	17.573
45.658	17.086
52.978	16.812
54.815	17.467
45.854	17.551
42.51	18.142
43.613	16.826
34.284	19.775
57.373	15.752
44.105	21.505
32.148	16.155
47.03	16.706
59.19	16.571
49.538	16.706
45.937	18.06
45.052	17.28
49.949	17.534
50.412	17.086
48.464	16.155
45.359	16.608
42.859	17.819
44.315	17.423
47.684	15.845
44.539	17.81
47.33	17.427
47.226	10.76
47.499	12.014
46.261	12.017
48.625	11.526
49.593	11.879
51.333	11.309
51.303	10.485
51.094	11.571
45.752	12.923
43.954	12.981
47.351	9.647
48.675	13.945
50.128	11.035
50.172	11.391
51.043	9.622
47.205	10.625
49.045	11.069
45.959	15.028
49.913	12.04
45.652	12.32
51.301	10.042
49.953	12.541
49.222	11.689
47.123	11.651
45.788	10.219
50.253	12.017
49.367	12.694
41.034	10.589
50.538	11.989
45.124	12.351
45.953	12.25
50.767	12.952
50.786	12.508
40.266	10.846
38.76	9.387
44.784	11.651
46.625	11.701
44.725	11.391
42.801	12.737
46.937	10.246
49.126	13.026
47.506	10.396
46.362	12.681
47.389	12.541
51.18	11.52
40.245	11.792
33.46	9.633
40.808	10.957
48.044	11.285
42.761	12.791
42.923	13.008
47.932	10.396
49.637	11.208
45.319	11.156
53.266	10.498
58.352	10.818
46.391	12.467
45.988	11.43
50.809	11.571
53.893	11.33
51.694	11.303
51.145	11.072
48.619	11.355
50.742	11.966
50.326	10.846
45.917	12.106
46.166	12.037
46.598	11.838
47.793	10.093
48.741	11.013
46.563	12.401
54.922	10.922
50.067	9.035
46.433	12.334
42.133	10.066
47.684	11.888
46.698	12.39
44.959	11.3
43.183	11.847
45.519	11.849
41.369	10.578
61.8	10.279
55.02	11.355
55.134	12.959
55.683	11.009
50.138	12.558
45.647	11.474
48.776	12.426
44.4	11.806
42.087	10.431
32.856	10.043
47.111	11.455
29.256	8.922
39.019	9.496
25.356	8.184
45.146	10.757
29.832	5.566
42.97	10.677
38.52	9.718
46.79	10.83
45.41	11.53
42.32	12.07
42.79	12.83
52.44	13.21
44.56	13.52
43.64	13.77
50.38	13.87
45.45	15.52
41.46	15.59
47.44	15.8
39.28	16.3
43.38	16.39
53.3	16.48
41.48	16.63
45.56	16.67
50.95	16.79
47.78	16.99
50.97	16.99
42.79	17.02
49.03	17.2
52.49	17.36
46.94	17.36
51.29	17.73
52.32	17.81
43.72	17.86
42.58	17.9
54.75	18.24
48.85	18.27
49.02	18.28
48.91	18.4
46.87	18.72
46.75	18.74
48.49	18.76
46.45	18.84
51.48	19.03
46.24	19.15
48.81	19.16
50.71	19.4
50.71	19.47
50.92	19.49
49.14	19.74
50.35	19.77
49.22	19.8
45.74	19.82
52.2	19.92
49.36	19.93
43.53	20.11
50.95	20.27
50.2	20.42
53.03	20.69
48.8	20.71
54.8	20.79
47.15	20.82
56.22	20.86
46.01	20.91
51.29	20.96
51.52	21.04
44.33	21.11
48.49	21.12
50.61	21.12
48.2	21.2
49.01	21.2
55.46	21.24
48.84	21.26
49.05	21.28
52.55	21.29
51.34	21.29
54.13	21.42
50.71	21.43
43.43	21.56
51.03	21.59
61.4	21.59
48.55	21.6
51.71	21.61
51.94	21.66
55.22	21.69
52.65	21.75
47.34	21.84
56.59	21.94
52.28	21.95
49.99	21.95
49.45	22
49.58	22.01
54.56	22.08
48.33	22.21
56.26	22.28
46.72	22.3
47.75	22.34
50.59	22.35
55.05	22.35
48.26	22.38
53.21	22.43
53.23	22.48
51.64	22.49
47.4	22.53
53.51	22.58
48.21	22.59
49.94	22.61
52.03	22.65
51.98	22.72
48.14	22.74
53.1	22.82
52.9	22.83
49.96	22.83
51.04	22.85
51.86	22.92
49.01	22.92
45.74	22.95
43.34	22.96
44	22.96
53.04	22.96
52.65	22.96
51.55	22.98
44.81	23
49.91	23.03
53.58	23.05
50.32	23.06
45.88	23.07
50.05	23.07
49.34	23.11
53.41	23.11
50.97	23.11
50.49	23.17
51.5	23.19
46.03	23.23
43.32	23.26
47.8	23.27
49.48	23.29
54.02	23.29
49.22	23.37
55.05	23.37
51.11	23.41
49.7	23.42
50.5	23.43
52.11	23.43
47.17	23.43
52.47	23.46
49.73	23.53
58.98	23.53
56.93	23.61
46.53	23.68
51.64	23.69
54.87	23.71
54.9	23.71
49.88	23.73
54.87	23.75
52.1	23.78
53.23	23.81
51.14	23.84
50.14	23.87
52.43	23.89
53.52	23.9
51.06	23.93
51.5	23.97
53.35	24.04
50.81	24.06
48.92	24.07
52.74	24.09
53.12	24.09
52.74	24.11
53.79	24.15
53.51	24.19
52.96	24.23
50.34	24.27
39.46	24.28
51.86	24.31
43.55	24.38
57.64	24.4
52.02	24.42
51.35	24.44
52.33	24.46
54.41	24.48
54.31	24.61
49.97	24.65
47.56	24.72
57.93	24.78
51.45	24.79
52.4	24.81
46.72	24.84
54.11	24.84
52.15	24.85
54.21	24.86
52.23	24.86
52.41	24.89
49.05	24.93
58.33	24.96
52.61	24.99
47.22	25.05
49.45	25.1
54.15	25.17
43.64	25.2
47.65	25.33
49.52	25.33
50.21	25.33
44.67	25.38
55.25	25.42
52.38	25.48
50.98	25.48
54.29	25.49
53.9	25.52
53.85	25.57
49.89	25.68
53.69	25.72
52.06	25.73
52.46	25.74
53.29	25.76
46.8	25.78
54.15	25.84
59.18	25.92
48.91	25.97
56.78	26.01
44.29	26.03
51.96	26.05
47.8	26.1
53.32	26.11
52.48	26.18
48.61	26.19
61.86	26.44
53.3	26.48
51.61	26.53
52.01	26.59
45.46	26.64
58.39	26.7
52.01	26.72
50.09	26.79
52.93	27.09
52.37	27.42
52.14	28.77
47.37	29.03
34.39	7.599
36.17	9.562
34.05	9.763
50.33	10.06
31.22	10.21
64.77	10.45
50.61	10.78
35.63	11.06
44.35	12.08
70.15	12.18
41.87	12.35
37.66	12.51
51.53	12.65
48.2	12.77
42.42	13.32
50.15	13.48
47.9	13.82
57.35	13.91
45.23	14.32
52.73	14.45
48.59	14.53
44.24	14.59
54.17	14.77
53.84	14.79
55.38	14.87
59.46	14.94
50.95	15.13
62.85	15.78
61.97	15.83
52.46	15.99
51.13	16.14
52.85	16.18
56.63	16.28
58.52	16.33
51.32	16.71
62.58	16.74
61.06	16.77
54.3	16.78
49.41	16.79
60.21	16.79
52.67	16.95
69.63	17.15
46.18	17.17
59.93	17.27
54.78	17.29
48.86	17.34
64.76	17.35
52.95	17.36
52.02	17.47
60.63	17.48
58.27	17.63
59.31	17.78
54.88	18.04
61.79	18.06
59.75	18.07
52.33	18.08
59.73	18.1
51.76	18.12
57.78	18.14
57.2	18.16
58.96	18.22
42.33	18.28
63.7	18.31
59.5	18.38
58.71	18.38
55.18	18.39
59.13	18.4
46.4	18.54
59.15	18.6
63.53	18.62
64.46	18.63
59.44	18.65
62.34	18.69
57.95	18.72
48.78	18.85
64.28	18.87
65.2	18.9
59.06	19.05
63.07	19.05
64.61	19.19
70.3	19.23
54.18	19.26
68.22	19.31
64.53	19.31
56.96	19.35
59.54	19.36
62.95	19.4
49.36	19.4
59.51	19.46
51.14	19.47
43.78	19.47
54.48	19.49
66.26	19.54
67.63	19.59
51.8	19.75
55.76	19.75
63.01	19.77
57.62	19.78
49.14	19.81
52.44	19.81
60.21	19.81
65.04	19.83
59.2	19.9
65.01	19.9
56.54	19.93
64.52	19.93
63.65	19.94
65.55	19.97
64.43	19.97
59.2	20
57.83	20.01
59.36	20.03
61.56	20.04
61.22	20.07
65.17	20.08
58.32	20.1
53.03	20.13
55.02	20.13
62.42	20.13
60.17	20.18
65.18	20.22
58.51	20.26
61.14	20.26
55.56	20.27
53.67	20.31
69.23	20.32
58.01	20.32
57.06	20.33
72.49	20.35
72.97	20.43
70.07	20.53
58.53	20.54
56.22	20.54
63.09	20.58
48.99	20.6
61.72	20.61
59.36	20.61
55.38	20.61
66.39	20.62
64.9	20.69
52.33	20.71
67.63	20.71
62.92	20.74
64.2	20.74
60.71	20.76
60.07	20.84
62.64	20.89
60.33	20.9
69.75	20.94
57.54	20.96
62.34	21.02
59.69	21.02
61.58	21.02
61.13	21.02
60.81	21.03
50.57	21.03
66.55	21.04
63.3	21.04
64.84	21.05
57.77	21.07
58.48	21.15
64.48	21.18
58.2	21.2
65.8	21.2
53.82	21.22
55.5	21.23
49.88	21.24
61.11	21.26
54.3	21.26
69.52	21.31
55.36	21.31
54.76	21.31
71.68	21.31
56.28	21.34
69.3	21.38
59.72	21.38
52.28	21.38
53.73	21.39
64.22	21.43
58.53	21.43
54.25	21.46
62.32	21.49
54.58	21.52
59.53	21.52
56.28	21.52
56.54	21.52
49.24	21.53
63.72	21.54
64.58	21.55
67.93	21.57
58.76	21.57
53.09	21.57
64.07	21.57
62.92	21.6
66.34	21.61
61.84	21.63
44.12	21.69
66.78	21.69
62.09	21.69
63.49	21.71
51.74	21.73
61.06	21.84
58.16	21.84
57.55	21.84
63.25	21.88
55.21	21.94
58.09	21.94
54.53	21.95
61.44	22.01
59.43	22.03
67.06	22.07
60.16	22.07
59.74	22.16
65.92	22.16
54.29	22.17
58.56	22.21
62.07	22.23
62.78	22.23
51.93	22.27
59.99	22.3
62.03	22.31
58.32	22.32
52.82	22.35
57.64	22.41
56.86	22.44
57.77	22.49
58.82	22.52
53.87	22.52
55.59	22.63
57.96	22.66
59.2	22.7
54.92	22.7
63.8	22.75
58.73	22.79
58.58	22.79
61.16	22.84
64.93	22.87
59.83	22.88
54.7	22.92
57.09	22.95
63.22	22.96
55.59	22.97
64.13	23
50.09	23
53.47	23.04
61.56	23.07
49.53	23.07
59.56	23.11
57.58	23.19
59.29	23.27
59.35	23.27
66.81	23.29
63.61	23.29
47.73	23.29
57.17	23.31
44.04	23.35
60.33	23.37
61.02	23.42
62.44	23.45
54.94	23.5
68.64	23.53
54.01	23.53
64.06	23.53
54.46	23.59
52.08	23.61
54.75	23.73
72.15	23.75
61.94	23.78
53.52	23.78
53.93	23.81
53.69	23.86
58.87	23.86
62.56	23.88
61.18	23.95
52.47	23.99
65.19	24.04
59.46	24.07
50.64	24.17
54.29	24.21
52.68	24.22
54.29	24.31
51.25	24.34
54.44	24.43
61.64	24.45
53.73	24.49
51.4	24.53
51.35	24.54
61.65	24.54
63.62	24.54
58.34	24.56
48.7	24.57
58.7	24.61
59.99	24.85
58.75	24.87
54.13	25.02
54.76	25.07
60.71	25.07
57.91	25.1
51.81	25.17
56.29	25.34
51.55	25.53
54.85	25.57
48.56	25.62
49.04	25.63
54.36	25.76
54.46	25.8
58.7	25.96
58.54	25.98
59.23	26.05
60.62	26.2
46.1	26.3
52.05	26.54
58.04	26.55
50.5	26.58
51.35	26.62
55.18	26.78
47.9	26.82
55.23	26.91
57.61	27.32
45.47	27.39
55.71	27.54
20.1	7.953
25.13	8.501
28.44	8.509
47.02	8.553
44.36	8.618
39.43	8.64
32.48	8.848
34.86	8.855
44.8	8.869
41.87	9.023
43.05	9.023
25.92	9.044
43.33	9.071
37.09	9.099
42.82	9.208
36.93	9.263
38.57	9.29
51.26	9.29
37.68	9.29
37.78	9.29
40.37	9.424
42.78	9.51
42.19	9.523
46.29	9.562
41.95	9.666
45.68	9.909
37.19	9.966
40.22	9.972
36.26	10.12
46.88	10.26
41.79	10.27
44.06	10.29
33.63	10.32
43.27	10.36
42.54	10.41
45.87	10.45
45.05	10.62
48.56	10.62
42.54	10.71
38.79	10.76
47.55	10.76
41.84	10.76
51.22	10.83
43.64	10.93
44.24	10.98
49.7	11.02
49.36	11.26
44.18	11.29
41.6	11.33
42.15	11.33
37.88	11.35
47.6	11.52
50.65	11.59
54.88	11.68
43.77	11.7
40.25	11.9
38.31	11.9
36.6	11.94
51.32	12.03
51.82	12.08
50.76	12.11
48.69	12.11
45.38	12.18
53.58	12.19
41.73	12.2
51.87	12.26
40.08	12.27
36.32	12.29
38.31	12.29
43.67	12.38
48.14	12.39
46.57	12.45
53.86	12.51
52	12.65
52.07	12.65
41.65	12.69
52.12	12.76
47.49	12.76
44.83	12.77
53.8	12.77
47.33	12.78
49.3	12.78
42.8	12.83
45.78	12.88
49.12	12.88
46.7	12.99
50.09	12.99
51.82	13.01
49.57	13.02
53.22	13.05
32.79	13.1
48.8	13.1
54.17	13.1
51.33	13.13
49.97	13.17
44.49	13.25
52.06	13.27
47.86	13.27
43.24	13.3
49.7	13.36
42.21	13.38
48.33	13.4
53.84	13.47
51.71	13.48
47.32	13.48
48.09	13.52
49.71	13.55
44.39	13.6
50.05	13.62
48.47	13.62
50.91	13.67
54.98	13.67
47.9	13.77
48.64	13.78
52.07	13.78
58.05	13.78
49.38	13.78
48.53	13.82
53.9	13.82
43.07	13.92
54.02	13.95
54.93	13.96
56.1	13.96
45.41	14.02
50.81	14.09
59.29	14.09
46.82	14.14
38.94	14.16
50.85	14.32
50.57	14.32
53.21	14.41
48.89	14.44
50.16	14.45
55.21	14.51
43.97	14.56
48.93	14.59
46.55	14.65
50.59	14.66
52.13	14.72
57.23	14.73
48.95	14.73
52.38	14.79
53.14	14.87
48.66	14.89
51.32	14.9
50.38	14.93
45.99	15.02
45.44	15.06
47.68	15.06
55.01	15.07
38.66	15.09
52.42	15.12
49.97	15.12
51.06	15.2
52.49	15.22
42.28	15.27
55.87	15.27
46.56	15.27
52.57	15.28
52.62	15.31
47.66	15.35
46.37	15.43
48	15.48
50.18	15.68
48.99	15.72
45.78	15.78
46.99	15.83
51.87	15.85
47.85	16.02
49.17	16.14
49.16	16.42
46.72	16.92
44.23	16.99
